228	14453
1718	16011
237	14464
9229	15637
12548	19807
552	14759
432	14653
7156	19550
815	15047
2576	23290
8979	16998
555	14762
853	15090
1016	15268
9544	17095
8040	21983
2006	16328
7350	22642
8041	18731
6192	23269
9868	19563
1133	15392
1785	16084
1628	15912
539	14746
1397	15681
8414	22063
714	14936
1867	16177
949	15203
1518	15801
9257	17041
1680	15964
1729	16021
2017	16340
7206	18399
3612	15485
3569	20321
9893	19286
9773	23202
1557	15843
306	14529
1572	15857
10136	17211
768	14999
465	14683
10149	18686
4888	17617
322	14543
7453	21471
328	14550
10002	18813
10568	21032
887	19194
2072	16403
305	14528
1152	15415
1982	16298
2150	16488
7648	16826
1373	15658
11166	23446
7824	16256
93	14330
3465	14824
1250	15522
8711	18455
735	14959
1737	16030
10360	20882
4687	17814
2046	16374
1541	15828
2108	16439
751	14894
1000	15251
7023	17079
1635	15919
8382	22418
7088	21346
10454	17931
5228	18136
7475	16809
10104	18631
3763	17390
1528	15814
262	14485
10241	21453
10078	17196
3108	16741
1055	15312
11313	22960
1742	16038
1602	15889
1569	15854
10729	16530
8968	17280
1793	16092
10331	18810
1448	15732
934	15187
2032	16359
1244	15666
3673	21691
736	14958
7589	18600
7370	19453
7551	20169
8226	21317
8101	18639
214	14441
42	14263
351	14572
5827	22958
2055	16383
715	14937
9802	22355
13284	22389
9659	19253
1277	15548
7568	19372
8569	16935
2672	17468
1440	15721
3522	17945
501	14717
11763	23219
2045	16372
1878	16192
1676	15013
12267	21484
694	14915
491	14709
12125	19087
719	14941
8758	16980
4621	17448
529	14738
1901	16213
10127	22352
99	14337
7116	16796
8975	22759
507	18607
7757	22501
9202	22432
3206	22279
2065	16397
1855	16166
12922	21106
3966	18495
43	14260
3025	17780
871	15110
7945	16853
7714	16829
12776	21783
2196	16542
7713	19274
2360	17463
13195	19151
10095	23385
2558	18035
12715	16895
1761	16060
2384	16692
11802	15481
2858	17689
13929	22550
3577	23053
1383	15669
9516	21903
1194	15457
12446	22431
2257	16635
10305	21037
7606	16817
9588	22565
1837	16139
2047	16375
1120	16963
600	14807
327	14549
1558	15844
2922	16723
9359	17143
10458	17269
10121	21472
16	14232
1193	15456
1149	15410
1591	15874
10244	18963
7728	19662
2202	16549
75	14301
7848	15066
3066	17855
2179	16522
3735	17229
107	14345
1112	15371
1522	15804
1807	16109
1330	15611
848	15084
1687	18351
2209	16558
1529	15815
7057	18774
1857	16167
1833	16136
11938	17169
885	15126
229	17159
10376	23136
6933	18273
8206	20006
3879	14280
8941	20032
4366	18162
6952	18324
2008	16330
10526	17293
9740	18426
8168	22106
2327	16687
9774	23203
954	15208
2115	16451
2602	14776
1638	15924
598	14791
10894	17377
9686	15835
153	17554
7358	19740
11368	19925
9037	15544
1036	15294
2042	16369
1314	15589
9621	19496
7610	15014
2160	16498
1928	16243
169	14403
48	14266
1318	15592
607	14819
13349	22997
2838	16696
2191	16535
12530	21091
29	14246
4679	20235
1565	15850
847	15083
12003	21885
7504	23066
8745	15416
521	14730
9158	15601
849	15085
2534	16711
7914	20396
3704	17257
95	14332
2094	16426
10905	21657
10374	21613
12951	18407
2073	17302
723	14945
8181	22113
10056	17190
12217	19255
10656	17328
3464	18543
3301	16759
12277	22954
769	15000
1592	15876
7220	17539
337	14388
74	14300
823	15057
1412	15695
2128	14455
3574	17139
1197	15459
9019	21820
1520	16841
3511	20446
9034	19304
1253	15525
8408	19263
13072	19195
10092	17202
12180	21361
5971	18084
10222	20400
2119	16456
10588	19238
3785	18458
3138	15728
125	14359
9744	22766
7571	16812
7362	19903
6940	19758
3296	14682
664	14878
10008	17180
2139	16474
1921	16235
13813	21681
10089	17200
1556	15842
1574	17124
9961	17173
1694	15980
11858	20910
7689	22667
1221	15493
636	14850
7082	19131
10501	16354
3826	15925
8051	22348
8551	20905
3504	20620
9384	23275
2097	16429
11848	20116
1961	16280
7535	18716
3044	17748
1233	15505
2465	16661
13267	19958
12223	22645
2221	17371
32	14251
1471	15754
830	15065
9190	22857
12959	20586
8535	22567
1060	15316
1454	15738
675	14892
593	14803
1686	15972
814	15046
45	14249
7809	20571
400	14619
3468	18829
8824	20814
916	15161
4915	17749
8668	21792
2480	15461
12252	21503
12072	19818
134	14370
11995	18695
9052	23289
1497	15781
1939	16254
665	14880
11275	20401
7179	21114
9286	20239
1766	16065
8015	17323
9756	22813
7014	20653
1283	15553
86	14323
3354	18155
8053	22417
2132	16469
1385	15672
7164	19160
5688	17687
7795	17054
1014	15266
12970	21594
9554	17358
3538	18475
13593	15087
435	14656
1462	15746
8014	22240
1719	16012
204	14432
2178	16521
8084	20532
2216	16568
584	14789
416	14636
7249	20490
699	14920
10553	17299
8875	19876
130	14365
59	14277
10246	23510
10005	17177
1434	15715
1139	15400
8378	17303
1690	15976
1449	15733
2162	16500
788	15023
7235	18941
8342	19193
10063	21164
4222	18017
1151	15413
13327	21569
3508	18980
2812	16691
5854	21470
7576	21491
5589	19993
3131	19621
7305	19736
8595	16951
8591	16952
906	15148
822	15056
1319	15594
3183	17812
13615	19787
440	14659
8247	15175
10483	21067
9817	15903
1310	15584
1265	15536
1051	15307
867	15102
1794	16093
1649	17161
1945	16261
1651	16081
8146	22490
770	15001
38	14261
8450	21488
1289	15562
12056	18985
10602	21209
2136	16472
1446	15730
716	14938
12945	20536
385	14608
62	14284
8849	16992
12976	21455
1003	15254
7803	16846
280	14505
10004	16001
8899	19364
1575	15859
767	16127
12962	22533
6158	17688
6608	19864
9276	20559
513	14726
3626	17185
179	16704
347	14567
8534	21227
423	14644
7411	19970
8922	21633
2200	16547
11998	19138
7921	20278
2147	16486
11922	22041
371	14593
3258	21768
544	14748
519	14729
4192	21304
1834	16137
10891	17375
7710	19264
8914	22008
12852	18116
9240	22326
12428	20129
7607	16818
7320	16585
1144	15405
9629	22851
9365	22929
953	15317
12045	20639
8615	19604
11556	19987
2243	16612
1049	15306
304	14527
8127	21607
12347	18389
10167	22847
9578	17164
9719	17119
1332	15616
3803	23461
930	15384
957	15211
8554	16934
11729	21068
356	14579
1337	17033
2348	16639
1917	16230
688	14909
388	14610
182	14415
621	17219
9732	18825
7735	20020
7854	19682
1309	15585
1610	15894
12497	17325
852	15089
13286	20658
11504	19000
1054	15310
1774	16071
56	14274
11911	18380
10258	20735
10399	16272
14147	19840
9814	21173
381	14604
11804	21506
10150	20392
3461	19048
349	14568
7990	16872
1425	15951
14197	20365
1291	15563
7600	18439
6978	20121
401	14620
878	15116
1306	20397
12126	18518
7886	21326
1759	16056
10232	20157
8742	17865
1342	15625
2076	16406
4027	18126
2885	16712
526	18308
896	15135
7697	20939
1353	15636
2044	16371
10015	17186
4460	17541
1395	15680
1168	15433
7145	15908
1949	16267
2402	16654
2245	16614
897	16908
8662	18723
7028	22615
1422	15091
7243	16802
1849	16158
8010	20230
3666	17987
8008	15133
1816	16120
12791	18334
12883	23104
21	14238
190	14418
4934	20009
8115	20714
708	14930
1366	15650
592	14800
8086	20534
1879	16194
14036	21420
13047	21389
8943	20255
1959	16278
11754	20265
545	14750
787	15021
10188	23031
7645	21909
1479	15765
2201	16581
2062	16392
9245	19641
1161	15426
7192	18060
1079	15335
9505	18418
1095	15353
11318	18591
7666	14995
12764	18836
10959	17380
1568	15853
948	16059
1101	15357
2018	16341
6903	22839
2151	16490
9789	20275
5759	18174
7438	18578
8434	20636
2061	16391
637	14852
1294	15567
8276	22961
1611	15895
8830	21433
1622	15907
7605	20101
1333	15617
11220	18391
1413	15696
7859	19162
8733	15409
11755	20266
1712	16000
628	14837
5146	21834
235	14461
1865	16174
411	14631
7959	16864
10118	17301
2101	16433
8153	16883
2596	19200
85	14322
8721	16969
2473	15968
10000	20039
6944	16766
837	15073
10565	22193
210	14438
1675	15959
2013	16335
9909	17170
7852	19910
12313	22178
1739	16034
8881	22573
2111	16447
8680	17235
13133	23475
8412	16915
5375	17738
1281	15552
1261	15533
669	14833
7026	19837
1899	16212
8987	21675
11805	22381
12258	18719
2512	16665
10289	17223
7037	20566
8485	16926
1082	15340
3858	22944
8962	15953
4436	15741
1607	15999
998	15248
9128	17023
260	14483
5279	22334
4068	17208
2400	16653
12799	19509
1659	15943
558	14763
8416	22064
3437	16754
8863	21872
1605	15891
3350	16752
13065	22323
8752	19479
927	15178
2466	14297
10580	20136
8349	20174
242	14467
352	14573
7754	23218
2796	14375
447	14667
1172	15438
7806	16843
10323	15596
630	14840
892	15131
1912	16225
1550	15799
10682	17333
11263	19128
12988	18536
7306	19737
4945	19209
1744	16039
109	14347
3677	23373
913	14581
1116	16961
1662	15945
12364	20159
4134	18001
1495	15779
3477	16358
550	14756
8164	20388
10987	16591
474	14690
1169	15434
1430	15713
1650	15935
4301	17765
12568	16804
1465	15749
118	14356
9379	22191
678	14895
1442	15723
293	14518
7069	14806
434	14654
482	14699
10345	21492
4795	17936
13266	19957
10362	20072
2233	16596
3463	14848
546	14751
3324	23248
692	15676
1677	15960
13275	18423
8737	16974
251	14473
1042	15299
10628	16446
1431	17080
1647	15933
2177	16520
1936	16519
864	15099
8751	19478
10978	16849
8719	16968
608	14817
13030	21651
384	14606
792	15026
846	15603
466	16663
7731	15020
1992	16309
4861	17743
5402	17042
10191	16117
1763	16063
12677	16825
1028	15282
1954	17255
8192	15170
9188	22858
30	14247
563	14768
1988	16304
1684	15970
150	14385
1279	15550
12900	22561
12189	18751
13332	22870
9502	17091
1746	16041
11063	17392
1229	15500
372	14594
7043	20105
3456	17312
9180	22039
11886	17135
9334	15966
9854	17184
750	14975
8789	15465
9081	21882
9282	21214
5653	21184
858	15094
9021	17001
6970	16776
594	14801
10158	23466
2770	18661
4071	17629
5422	21212
536	14744
7222	21017
3727	16965
9937	20783
8947	20641
444	14663
711	14934
247	14471
9381	17064
309	14532
2054	16382
1838	16140
11758	23156
8193	22115
7040	21409
12068	22664
9573	15782
10327	17231
13365	21408
88	14325
1653	15938
1436	22167
11096	16622
9195	20756
9087	17014
408	14628
679	22387
3525	16967
2515	14304
1933	16248
8093	20193
9483	15727
1126	15386
12078	23456
1329	15609
12107	22765
7937	17067
11876	22408
7186	19738
1909	16222
77	14303
1199	15453
7190	20415
2853	16700
923	15167
7620	16820
10587	19347
7118	14811
577	14783
8443	21794
1167	15432
6777	18580
7975	18596
2508	21556
8136	21127
12437	16869
121	16684
5319	16347
623	14832
1589	17134
3576	17429
12839	22840
3730	17336
8897	15482
8633	15362
2393	17678
6948	16767
1103	15361
7716	21609
2249	19615
10462	17275
7649	16827
2014	16337
8418	20334
4221	17906
10082	17198
3646	20356
886	15127
1307	15581
902	15143
3579	23055
748	14973
4249	22842
1458	15742
1919	16233
1871	16182
9603	17102
9143	18356
8775	18539
7141	22553
1052	15309
893	15132
5321	22889
8037	15790
1108	15365
9093	21899
1829	16132
2468	19382
10448	17268
4627	21855
1645	15931
8148	16888
11828	22402
1324	15604
2237	16604
8151	16892
272	14496
2005	16327
9966	20855
520	14732
1943	16259
650	14864
8530	21542
2267	19570
914	15159
703	15177
1296	15568
3179	17983
4050	23462
587	14795
9757	23375
658	16169
9370	21524
192	14421
2399	14294
872	15111
50	14268
1886	15993
10010	17179
1282	15554
8133	19252
427	14648
642	14855
4314	18038
1156	15420
1990	16307
7912	21366
17	14234
10281	17954
1141	15401
1799	16098
3696	20798
8614	19603
831	15067
3667	18589
8297	18692
2691	14680
7210	18383
9639	22446
772	16933
1173	15439
7356	21907
10405	16274
1579	15863
985	15240
10727	17362
560	14767
523	14733
12185	21222
7439	22216
7930	21627
2386	17674
7956	16856
8417	23003
534	14694
14	14231
8175	22102
13198	23449
6703	20742
8509	17523
504	14320
9541	17096
1654	15939
9083	23291
391	14612
1214	15479
12104	23048
1370	16984
643	14857
908	16226
1667	15949
8245	22234
649	14863
7359	19089
904	15145
8559	21354
1524	15808
1086	15343
1068	23322
8068	22073
7238	18943
8978	16997
342	14562
1626	15910
11665	18313
252	14475
7837	21256
2049	16378
7753	23216
944	15198
12923	21107
1098	15355
393	14614
8677	19887
7018	18398
712	15387
430	14651
9301	15656
4388	17245
1969	16287
2190	16534
605	14816
4971	18877
1311	15586
10669	21770
2112	16449
11831	14900
809	15044
616	14826
10080	16053
5011	21673
1974	16291
1710	15998
275	14499
1488	15773
891	15130
9028	17005
348	14569
647	14860
8565	16936
3353	18153
903	15144
12881	18382
1428	15712
1154	15417
9695	20981
9094	21904
13061	17008
2924	16724
12103	23047
1034	19212
10599	17309
458	14676
8419	23004
9262	20922
2036	16363
2051	16379
844	15080
1940	16255
19	14236
1997	16318
1163	15428
843	15079
7391	19769
1490	15774
8246	22235
412	14632
2105	16436
894	15134
11335	22575
3918	18612
836	15072
4920	22242
39	14258
2127	16465
326	14547
1348	15630
7071	16791
8621	15462
1980	16296
7153	16419
8305	16893
12931	20894
2000	16322
9806	22663
1562	15847
7242	18940
624	18743
537	14704
464	16593
9558	22028
732	14954
1500	20863
8982	20899
8317	16896
3678	16061
8681	19284
1825	16130
1077	15334
7536	18717
7035	20031
7537	18718
12724	22557
10047	17188
8486	16923
9269	22906
10292	23476
2936	14427
12903	19088
1364	15648
1344	15626
5158	23189
166	14400
8241	20384
2153	16492
350	14571
2225	16579
10084	21991
9547	17349
8039	17209
12057	18986
10061	21440
9139	23105
217	14444
832	15068
11910	19481
1891	16204
426	14647
7844	16850
5822	21841
8502	20822
67	14288
108	14346
2206	16555
799	15031
1967	17260
1527	15812
64	14286
7208	20975
2891	16718
9039	17433
1200	15463
1089	15347
9870	23401
8605	22564
1593	15877
8926	14771
729	18512
345	14565
3159	18526
9620	21898
7142	19524
8	14227
2860	17690
693	14843
697	14918
8865	21469
9899	23109
12257	23414
796	16830
8487	16925
1426	15710
1258	15403
11955	20969
2063	16394
6980	18341
115	14352
2205	16554
1312	15587
1121	15377
12031	20998
9189	22859
1540	15825
12995	23300
11990	18482
7062	16786
167	14401
9536	18769
10198	23093
2037	16364
579	14267
3462	14846
2090	16421
20	14237
1027	15374
553	14760
6124	16234
9266	23016
9111	17020
7009	20220
12727	19188
12961	22532
1166	15431
1935	16251
8046	19198
1404	15688
3018	16734
762	14990
7709	18735
3435	16753
1740	16035
704	14925
10907	21659
1947	16264
374	14596
7764	17222
3481	16851
1960	16279
2695	20495
1019	15273
8503	20823
6979	20127
7676	23223
1787	16085
14037	22257
7225	18945
1160	15425
10473	22657
2510	16662
10461	17271
2752	17097
2882	20046
13227	15378
113	14351
1215	15480
1733	16024
8550	19804
10629	17319
12511	22303
2228	16584
7802	16845
1734	16025
11949	21502
