1828	16131
970	15225
13014	20427
654	14868
8259	20541
531	14712
8976	20862
7471	21251
10662	16478
1749	16044
1111	15370
1252	15524
10777	19159
727	14948
1456	15740
10698	22325
4325	17252
1723	14921
8353	21646
2444	14283
937	14849
3448	18187
7564	22384
645	14858
651	14865
6964	16773
297	14522
7218	18860
1765	16064
9460	17081
13652	19427
1630	15915
8959	22697
9258	17043
9250	20553
7390	23192
1040	15297
12175	19928
11888	20508
4992	18046
12991	20936
7328	21325
7473	22554
4149	19499
7702	20563
13270	20248
1644	15930
1588	15872
2109	16441
1006	15259
10944	19067
1002	15253
7904	19134
1929	16244
10922	16576
7078	18572
13183	20026
2972	17029
404	14623
1818	16122
2238	16606
9765	15043
12448	21585
12660	20142
7418	22734
7171	17201
554	14761
7565	20406
1552	15838
825	19265
1922	16237
1815	16119
5631	14626
6908	23485
3497	16917
12084	20682
6965	16774
1302	15577
117	14355
6547	22652
586	14793
7298	14902
9810	20573
2181	16525
1964	16283
1652	15937
670	14887
12473	23078
8796	21925
2169	16508
1975	16164
8374	18310
1576	15860
468	14686
1586	15869
2207	16556
2187	18344
13367	21050
7424	19119
1067	15323
4133	22483
8880	22572
9601	21805
2674	17799
7700	22255
8929	21959
2256	16633
674	14891
7076	19598
9406	17071
471	16749
9916	19250
3505	20622
1476	15762
1185	15448
12083	19180
8261	20428
472	14688
12536	19916
10851	16601
9405	17070
369	14592
1925	16239
1303	21931
2231	16587
7819	22124
2176	16518
1753	16048
1159	15423
368	14590
1346	15627
8048	20283
1738	16032
10554	16390
1130	15390
646	15108
790	15025
7352	22551
1038	15295
7615	23503
8381	17283
3349	16750
7389	23191
1641	15929
1487	15229
198	14426
7140	22763
8910	21679
1913	16227
9767	19776
8319	16898
398	14617
774	15003
10309	17228
1150	15412
8720	16970
659	14874
455	14674
10728	16533
3506	20621
316	14536
3482	16852
8832	22426
9754	22812
1231	15614
582	16784
7228	16808
1590	15873
2925	16721
9733	18828
6110	16737
13346	18925
705	14926
1387	17058
983	15238
7980	23344
1400	15684
695	14910
717	14939
6213	23070
7634	19721
870	15107
1367	15651
576	15311
243	14469
1678	15961
1618	15902
1636	15921
984	15239
919	15163
12994	23299
2088	21731
1955	16275
2846	14555
7041	21410
9468	15722
13106	19670
13128	18533
10107	17205
6528	18101
1535	15822
10438	17267
1918	16232
1416	15698
3503	16148
1914	21194
8973	18911
1700	15986
802	15035
12030	19556
3851	17775
7474	16811
2039	16365
1350	15632
2574	16670
931	15182
1702	15988
3841	18441
12255	19273
10463	17278
11099	14675
1560	15884
1004	15257
4546	16482
12932	21262
13735	22957
11931	19053
11852	21752
7287	21398
8179	22227
8120	16880
8652	17768
1290	15561
7668	19549
13551	21211
3652	21000
7995	20229
5893	17898
7463	21645
9566	18440
12884	23459
4558	22350
583	14787
819	15053
132	14367
2123	16459
8448	20565
812	15045
9029	17059
11840	17147
10209	17012
3436	16755
13657	22938
9878	17165
2389	17676
541	14747
7643	16824
1247	15518
395	14615
9110	17018
7450	20930
10140	17212
9928	23212
2117	16453
8363	22172
8749	19856
223	14448
561	14769
1991	16308
573	14405
1297	15570
12219	19483
1850	16159
14035	22454
10960	17381
1061	18333
760	14985
4202	14997
13231	21821
588	14796
298	14523
4100	18164
10231	22358
1584	15868
10226	18873
1377	15661
2007	16329
10601	22338
5754	21845
8324	17083
2372	16643
63	14285
7957	16865
11859	20912
1858	16168
8531	21477
9553	17357
2131	16468
12975	22090
10349	22837
7270	23237
13364	21407
7741	19689
2193	16537
657	14872
1748	16956
4678	20236
1299	15573
9946	19133
591	14798
5012	21674
997	15247
1515	15798
413	14633
8663	19305
1394	15679
10627	17318
7143	19086
2003	16325
8932	16914
1561	15846
9315	17051
441	14660
9761	17131
1811	16115
61	14278
10500	17287
8099	16879
1771	16069
10009	17181
7967	20786
459	14678
6942	16763
1088	15344
9687	17115
7712	20394
1875	16186
8708	18535
672	14889
7539	20025
5959	19352
9999	20038
12763	18833
12170	22469
889	15129
1308	15583
7054	19634
9170	22685
386	14609
9277	20560
9191	21570
10006	17178
8592	16950
12174	19422
929	15181
23	14240
1648	15934
4458	23098
8527	18484
170	14407
1223	15494
10052	16028
10525	17292
1376	15662
10579	23258
3693	23440
8640	16958
7055	19635
10101	21688
1467	15750
5410	16270
227	14452
10665	16483
6187	18379
5908	20811
8844	23022
244	14468
446	14664
1727	16019
1338	15621
10812	20680
4378	18188
1672	15957
9796	22036
1075	16939
1987	16303
1369	16985
2242	16609
6191	23268
60	14281
816	15048
454	14672
209	14436
7765	19731
9051	21813
10160	17215
2170	16509
7570	14960
9816	17145
10581	22492
1624	15909
14061	21787
3789	17930
13070	20925
11907	22264
8734	16973
2023	16346
8767	15435
376	14599
835	15071
3622	18582
977	15233
2040	16367
8313	20442
1775	16072
8874	19875
1359	15642
2203	15358
8150	16890
1409	15693
7072	21683
410	14630
1226	15497
8528	21540
1942	17244
963	15218
1237	15509
1950	16268
9826	21449
7084	18367
8393	16904
8103	15156
2020	16343
1844	16152
4919	22241
8026	22665
1791	16090
1692	15979
2851	16523
319	14540
12989	22351
9113	17021
9303	17048
933	15185
969	15224
8560	15327
9227	21021
7229	14862
7029	21137
8000	23120
12523	20730
2932	16728
1962	16281
1026	15281
10075	23369
1619	15904
2168	16507
9611	22269
177	14411
7748	22568
7090	20726
4420	16271
2025	16348
1501	15785
10228	20280
14209	19343
8383	18832
10290	17224
10502	16352
173	14406
1821	16125
12758	20816
1013	15265
1892	16205
4464	21863
1438	15193
187	16720
12041	17420
1577	15861
1705	15991
1508	15792
842	15078
8666	23351
8332	21639
7205	18802
1301	15575
8811	23239
8318	16897
269	14491
766	14996
9873	17520
925	15173
10254	22891
8466	21229
2028	16351
3298	16747
5540	21497
3527	18139
69	14291
1411	17072
4006	19922
1707	15992
8574	16940
1096	14956
8118	20716
1461	15745
1044	14949
3434	16758
9076	18904
1147	15408
1554	15840
12560	23072
106	14344
8082	18684
13650	22964
9121	20498
428	14650
163	14397
1257	15530
10059	22051
2082	16412
2086	16417
470	14687
7602	18868
3875	22297
1375	15660
1629	15913
13698	19388
1408	15692
1923	16238
307	14530
1122	15379
9281	19199
10639	18538
1158	15422
13895	19451
11110	21650
8505	16927
2396	17491
880	15117
7319	20245
1681	15967
8938	17709
7614	23502
7954	14831
73	14299
15	14233
6056	23469
295	14520
9311	22005
12222	23205
6921	16772
4118	17681
8506	16929
10961	18429
10390	18715
331	14553
2316	23096
905	15146
1155	15419
4380	19912
80	14316
7217	22456
575	14782
604	14815
4023	17604
12102	23046
1102	15359
7240	18938
1976	16293
9762	17132
414	14634
955	15209
4974	17024
7616	20868
2152	16491
1336	15620
12525	20485
9084	21883
2234	17394
7681	20414
8016	17324
7960	19005
11779	19365
987	15242
533	14742
1478	15763
202	14431
9600	21804
13655	23009
9280	19553
2868	17701
452	14671
12190	19655
11503	18999
2394	17490
378	14600
6701	22048
9616	20453
3087	17507
673	14890
1058	15314
9419	15702
943	15196
9963	23220
4545	17329
9804	21216
3177	16962
7007	19648
4340	17652
10085	18856
6803	22213
1953	16273
3854	16646
1511	15795
8112	22522
12040	19971
1351	15633
2092	16423
8868	22214
7383	18476
8581	19632
253	14476
11845	21724
7172	20170
9607	22962
10373	17241
13326	20577
2184	16528
10485	17285
8461	16922
1661	15944
856	15093
12246	23334
7755	18953
10980	17383
7950	15109
10738	18229
12889	22430
3071	17611
10007	16002
6193	23270
10600	17310
1674	17168
2199	16546
10862	17366
10011	16007
8087	19732
634	14847
1890	16203
10776	15498
2134	16470
1399	15683
9560	17350
3805	20234
7955	20119
14076	21012
5520	19172
2194	16538
9967	20856
9888	22165
7495	18721
8709	16964
8618	16953
1545	15832
1165	15430
941	15195
6976	23453
1509	15793
1968	16286
2019	16342
3552	21499
1772	16070
8573	21369
1	14230
7953	16858
1483	17093
5438	17154
8315	21283
8253	23097
1379	17049
633	14844
2745	14396
3870	18208
8063	19293
4551	21154
7017	18397
619	15514
7619	23034
451	14669
994	15244
2229	16583
1916	16229
14156	22079
1105	15364
2532	16707
978	15234
1582	15867
8986	21736
1996	16313
958	15213
574	14780
9133	17026
13194	20363
7516	21837
1632	15916
7157	19551
1530	15816
7015	20654
9239	18742
1419	15705
12987	22316
745	14970
13159	21145
4473	23052
2514	16666
3519	20619
13322	22880
2426	23472
884	15124
1668	15950
10067	16043
10631	20393
7200	21958
1441	15274
103	14341
8732	18604
590	14799
1880	16193
7618	18641
438	14658
147	14383
8149	16891
302	16033
10499	21886
8575	16941
1230	20345
2290	14377
11086	18935
685	14907
2464	16660
13240	18726
3515	21200
720	14942
7667	19554
311	14533
876	15114
564	14770
804	15037
6969	14758
5103	17430
4252	14544
6968	16838
749	18446
1063	15319
1824	16129
3065	17612
7401	19224
1877	16189
3074	17613
11836	20418
10088	20888
2192	16536
1747	16042
3240	17793
197	14424
3352	18151
1536	15823
485	14702
763	14991
7304	15665
559	14764
888	15128
10608	17314
9713	17116
1349	15631
7677	23224
10479	22112
6389	15024
10218	19516
2130	16467
3614	15994
7103	17203
7327	21324
1777	16075
12015	20677
7864	18450
1781	16078
946	15200
3713	18134
8362	22171
8898	19362
7045	20106
1143	15404
1637	15922
8543	21397
12303	22811
3173	15622
2120	15809
8571	18434
9845	22990
7361	19090
7271	23238
9085	21887
722	14943
1219	15490
9561	17351
13127	18532
1347	15628
285	14508
7939	20057
7177	21027
13093	19535
10979	17384
3107	16740
12751	17540
1906	16218
6521	22346
8440	16919
330	14552
3868	18206
2418	20875
1665	15947
9373	17062
1131	15391
10857	19141
1498	15783
761	14986
7117	16794
5604	17443
7569	19373
382	14605
8431	15659
359	14583
9786	21088
120	14357
294	14519
128	14363
1080	15336
2250	16621
11996	21350
2171	16510
2391	17675
8862	19446
1993	16310
7465	20681
3606	16200
12580	20637
10293	19719
9106	19334
1499	15784
1640	15928
7718	20281
8114	20713
10464	17276
2923	16725
2041	16368
2553	19799
1447	15731
9940	20053
2847	17624
3215	19323
1505	15789
1189	15454
8656	21228
10130	17307
12298	18746
9461	19796
2078	16408
505	14719
13694	22182
1220	15491
11789	20567
11149	21623
6934	18274
7063	18531
9608	22220
7738	15022
3874	22296
7866	18346
1256	15528
1174	15440
612	14953
2888	16715
1764	15399
12616	17823
12506	18768
8240	20383
7546	19137
1900	17233
7402	19225
8335	16902
3690	19827
2356	16641
7812	20161
1092	15350
3449	18185
8966	22046
7337	19532
1902	16214
1084	15339
76	14302
226	14451
547	14753
797	16834
1860	16170
2521	17630
7126	19684
6413	22720
8121	16881
10679	17330
10277	19381
273	14495
12996	22867
1908	16221
9993	17175
13420	20458
795	15029
11841	19140
7766	17192
9715	20189
9938	20784
617	14827
9305	22222
9362	23355
11895	21957
2164	16504
2122	16458
1564	15848
14053	22429
12575	17419
1698	15984
8970	19046
755	14981
12269	22359
9590	22756
3726	21714
10330	22215
1555	15841
136	14372
1977	16294
7244	16803
1235	15507
3355	18154
1205	15468
9867	19562
424	14645
8568	15329
9837	21087
406	14625
12798	19508
7931	21628
418	14639
5967	22793
2175	16515
9215	22019
2253	17393
360	14584
700	14922
2165	16505
9284	19079
506	14720
53	14271
9748	17129
7087	21344
9626	21785
528	14737
9745	17125
12304	21578
9479	22392
1391	15675
270	14492
4537	23227
8942	20253
2347	14253
9518	19813
5782	18137
8085	20533
8401	16905
1218	15489
1907	16220
2397	17679
1873	16184
9230	17039
9995	15997
730	14951
1341	19841
972	15227
9881	23209
1600	15886
12462	19703
9428	22292
10422	21919
2371	16644
8083	18685
7972	20237
477	14691
10125	20098
785	15019
3585	17786
1543	15830
2889	16716
9241	22327
379	14602
7032	20080
320	14541
13105	19669
318	14539
8628	15360
9682	17114
2107	21019
2126	16463
509	14722
611	14822
6050	18634
1234	15506
1797	16095
567	16781
8529	22622
7699	22256
8748	19905
1123	15380
8539	20447
1813	16116
2278	17438
1445	15726
191	14420
267	14489
10655	17327
7839	22286
10712	16420
1137	15398
713	14935
13179	22055
2033	16360
11102	16629
684	14904
28	14245
786	15965
10329	17232
4683	22911
2271	18599
8511	16932
3478	21265
1011	15263
2004	16326
8958	22696
1107	16960
1998	16319
27	14244
18	14235
1202	15464
333	14554
3020	16735
1730	15033
1272	15542
233	14459
532	14741
9421	15700
1521	15803
2219	16571
6974	23452
1270	15540
3479	18869
8566	16938
12023	22909
339	14559
1094	15352
1870	16180
1236	15508
341	14561
13677	17220
358	14582
1615	15898
1128	15388
1104	16889
686	14908
1848	16157
10102	17204
9474	20201
7926	19368
1203	15466
5740	18724
7022	16782
2091	16422
907	15149
8113	17326
1393	15678
11965	19510
7609	18640
718	14940
12430	18929
231	14457
70	14839
1802	16102
1538	15824
1693	20052
1660	15942
7583	14964
443	14662
2197	16543
1269	15539
8116	20717
3675	21345
7292	18462
7075	19597
1145	15407
1432	15714
4534	21596
9112	17019
10630	17320
10099	20432
10077	17195
1504	15788
2026	16350
9787	22315
91	14328
2052	16380
1994	21859
7374	18870
9413	17074
9035	17009
362	14585
879	16867
57	14276
6981	18342
1903	16215
3706	14597
765	14994
1271	15541
9548	22892
7183	18364
2002	16324
8842	16988
9142	22145
6622	17121
2357	16640
8782	18795
8223	21746
8042	19890
9609	17238
40	14262
12200	22342
8593	16948
1516	19976
4635	20351
2155	16494
8697	23415
9708	19931
2961	14524
1435	15717
11712	18297
8691	15385
8095	15158
1059	15315
1788	16087
2246	16615
12311	22177
3026	17779
2355	16642
2143	16479
8747	15414
1484	15769
7294	18587
2085	16416
966	15221
570	14777
9283	21215
1673	15958
10906	21658
1171	16981
4137	22372
450	14668
7985	16870
1757	16052
1866	16175
8351	21643
12885	20907
2059	16387
3473	15291
224	14449
9256	17040
10552	17297
3443	22356
1957	16277
12898	20646
752	14976
2035	16362
9488	20036
1039	15296
1418	15703
420	14641
8439	16918
3242	17795
10788	16552
2089	21730
10016	16014
9633	21690
7209	20976
292	14516
11934	22136
7941	19042
7393	19771
1186	15449
11156	22886
377	14601
2211	16563
8185	20386
9092	21430
2385	16693
13534	19223
671	14888
1114	15373
11207	20845
90	14327
12604	21103
620	14829
1263	15534
12345	19683
5940	21871
1357	15640
8587	20968
7608	22367
1300	15574
9411	20047
13402	21793
7670	21775
8902	18630
2956	18376
12662	23305
1463	15747
1547	15834
8167	20382
9238	21439
1688	15974
1932	16246
1581	15865
8580	18488
7732	19161
1973	17262
5065	17805
9832	19701
866	15100
13012	21404
5407	23023
1803	16104
821	15055
13132	23474
7515	21836
2449	14279
5567	17595
615	14825
373	14595
9224	17036
9228	17037
868	15105
1819	16123
508	14721
10256	22529
9125	20403
956	15210
1179	15011
818	15052
2687	17565
7436	16807
9476	18754
8817	23095
1810	16113
9027	17004
7138	14838
7129	19272
4315	18039
840	15076
13306	21521
11221	18392
1238	15510
12606	22111
1523	18667
1065	17342
1222	15608
9026	19318
7130	17137
22	14239
11678	18255
10225	18872
9226	22995
754	14979
4342	16954
1181	15444
2550	22497
3859	20476
1905	16217
1531	15817
114	14353
4021	14506
817	15051
7785	19023
11781	22419
4117	17680
9882	23211
9420	17076
7347	18958
653	14867
129	14364
10397	17251
9519	19814
10924	16578
11787	21143
8890	19122
7749	22332
222	14447
10510	17290
3470	21518
8784	18528
11129	17397
2068	16399
7168	20561
1134	15393
8864	21873
1812	16114
606	16828
4303	17441
10895	17374
8375	18311
12563	22268
11914	19913
783	14812
982	16906
2406	17199
8477	20778
8641	16959
10503	17288
2963	17580
1192	16986
2057	16386
14041	19541
1109	15367
1254	15526
10105	18657
12747	22378
9031	15451
12574	17418
65	14287
199	14428
9524	22481
945	15199
8642	16957
2236	19425
9487	18970
12917	21033
549	14755
2955	22370
2095	16427
9314	17050
2531	16708
483	14701
1243	15516
662	14877
771	15002
10257	20734
1758	16054
915	15160
9951	17172
9496	22424
2148	16487
110	14348
940	15194
10064	21165
11062	17391
7064	19371
142	14380
8384	18576
1750	16045
709	14931
367	14589
512	14725
7994	18558
9107	20097
1410	15694
11680	17558
5494	17298
1266	15602
4070	16681
10775	16780
1076	15333
1786	16086
12850	21117
7169	21134
4047	17926
325	14546
1259	17000
111	14350
8846	22050
8665	23350
1549	15255
9333	21504
9503	18554
13607	18744
1800	16099
996	15245
478	14695
10108	17206
721	14818
2518	14310
9738	17317
7981	23345
2121	16457
8444	21795
7928	20413
1072	15330
942	15197
9437	18961
3949	19246
8596	20991
12894	17470
11794	23272
2214	16567
2208	16557
9297	19506
2511	16664
8460	16921
160	14395
8714	22277
1510	15794
1639	15927
3869	18207
10607	17313
12814	16931
8074	22288
9436	20212
1658	15941
8906	15372
364	14587
8743	16977
397	14616
7128	19685
1100	15356
7277	21356
8750	19477
12691	18179
5058	21777
1596	15879
4326	17254
8105	19560
13078	23036
2926	16722
899	15139
702	14924
2852	16699
10986	17385
11791	20568
276	14501
13066	18421
7042	21411
917	14873
2083	16415
9736	22753
1081	15337
11109	21649
1407	15691
266	14493
1691	15978
1020	15275
1776	16074
5183	18175
974	15230
11854	20597
11726	19760
403	14622
7031	20079
138	14376
8632	15363
8704	19879
1951	16269
1809	16111
2472	21629
10385	15963
9636	22443
1343	17034
9614	17105
609	14821
1714	16005
10383	16257
10086	20887
841	15077
41	14259
10001	18812
353	14575
1845	16153
7070	14809
682	14898
9721	20545
1713	16003
1313	15588
2213	16565
9138	22845
975	20289
1153	16975
4677	20233
7061	16785
181	14413
707	14929
10562	21579
1015	15267
2156	16495
1403	17068
7555	15018
10031	23491
2154	16493
2227	16582
8007	19486
2064	16396
863	15098
1482	15768
1832	16135
9681	17113
1971	16290
10190	16118
1970	16289
12950	18406
13282	22388
36	14256
7212	16798
473	14689
11748	20128
8983	20900
11254	17852
3351	18152
877	15115
9017	22920
10477	17281
3016	14335
4982	18750
10344	21490
7868	19981
824	15058
8156	15171
13654	21051
2416	16236
7505	23067
6936	16760
1384	15670
1213	15478
12305	21580
967	15222
10707	17344
2939	20993
1437	15719
13686	21400
12729	17563
1594	17136
4227	17598
11334	22574
7869	19982
8155	16886
1176	15442
1952	21800
827	15061
3348	16751
2326	15756
11790	20569
2878	17718
2096	16428
9846	15923
1551	15837
1806	16108
7176	21026
8057	19281
4434	20749
4066	23040
429	14649
185	16719
859	15104
2098	16430
3729	17335
9390	17066
44	14264
9827	21450
490	14708
1553	15839
1683	15969
35	14254
1779	16077
9099	21791
839	15075
8322	20450
3570	21838
383	14607
861	15097
6396	22219
960	15215
1669	15954
11937	21424
7604	21728
8532	20578
1894	20444
964	15219
1326	15607
2352	15082
7818	22123
343	14563
11128	17396
2215	16566
8102	20350
7909	16349
7241	18939
1717	16010
1477	15761
12	16739
5325	19444
9843	17153
9494	17089
4316	17808
2934	16729
1721	16015
9883	23210
10467	17273
9506	18552
11847	21434
8661	18722
524	14734
8392	21415
5689	22503
7898	20012
3605	17226
3099	17437
10247	23511
3135	14548
1897	16210
9059	19341
8260	20542
3194	20537
12816	17525
139	17653
5781	18135
4091	17744
10459	16316
7325	19548
324	14545
419	14640
710	14932
1597	15880
6943	16764
8791	19049
3040	22154
9363	22932
12766	21870
1585	15870
1175	15441
1604	15890
1196	15458
1066	15322
971	15226
4472	23051
1846	16154
3580	23056
422	14643
9030	19303
881	15118
11309	20353
336	14557
9792	22033
589	14797
7065	14794
1212	15477
9755	22814
7008	20219
462	14679
2890	16717
1963	16282
947	15201
9360	23354
55	14273
7698	22254
13130	18112
1732	16023
5126	16783
10227	22009
5823	21843
11861	23411
1741	16036
10558	22747
2087	16418
9610	21829
1023	15278
1801	16101
1022	14870
1889	16202
10320	20460
3725	17736
12328	23201
1030	15284
12780	20630
5087	18080
979	15235
4433	19280
2053	16381
2297	21781
11233	20093
7308	15897
8080	22158
1249	15521
206	14433
1099	15476
1361	15643
7147	14820
1869	16179
2378	20058
4069	14368
12395	21368
1587	15871
1769	16067
8718	15402
10151	17213
9115	17022
522	14731
4535	21597
8252	15180
8380	15212
12550	22979
271	14494
2255	16631
900	15141
2118	16454
1731	16022
7966	16868
8134	19720
329	14551
9813	21172
3892	20438
601	14810
1941	14955
1480	15766
124	14360
781	15012
8166	20381
865	15063
11799	22322
13085	22584
12557	19734
8152	16885
2578	22071
6055	15147
557	14765
7136	19673
288	17459
12775	21784
2931	16727
10152	17214
1268	15538
2898	17730
1847	16155
9949	17171
8278	15488
7073	18570
8052	22349
2048	16376
1037	15293
14155	22081
10076	23370
9434	21971
7300	16805
1474	15758
7344	18800
13010	19370
12370	18505
8157	15168
7421	22736
1525	17106
7039	16746
9352	17055
14028	22581
9613	17104
569	14775
1293	15565
7216	19150
1018	15272
4969	18499
245	14470
1627	15911
1876	16188
1756	16050
3733	19511
11097	16623
2387	16694
869	15106
778	15007
10638	18537
87	14324
4385	21970
7623	19502
1138	16047
2251	16625
10789	17365
1986	16302
13283	22390
801	15034
627	14835
1069	15325
1613	14906
11780	19366
6793	19345
4409	20754
757	14982
7853	19681
1292	15564
116	14354
10610	23030
753	14978
826	15060
12297	23141
9545	22530
2870	17700
808	15041
332	17922
1689	15975
12070	18978
9309	22037
216	14443
1755	16051
8117	20715
2248	16618
1097	15354
12723	20666
7115	16793
1861	16171
3496	16916
5652	21183
6966	16775
9430	15706
12596	22233
9484	15729
13358	20554
1255	15527
104	14342
183	14416
9235	17038
2038	16366
1808	16110
918	15162
10484	16333
431	14652
939	18928
5050	16787
2099	15580
1304	15578
7822	22937
602	14813
164	14398
1177	14903
10732	21049
442	14661
1507	17101
689	14911
9512	15751
11843	19917
1206	15469
4267	21850
1276	15547
7213	16799
9643	17110
10370	21312
1685	15971
1778	16076
635	14845
7375	22508
10860	16570
7329	22012
10643	20549
9835	17152
7159	19802
1708	15995
1284	15555
1703	15989
8617	21612
241	14466
4251	18066
140	14378
1537	17107
3761	16608
390	14611
1017	15269
803	21704
758	16823
8597	20985
11316	17504
12080	20207
274	14497
12930	20893
1033	15289
1563	17118
9223	22060
135	14371
9679	17111
8510	17524
2382	23037
7998	21923
640	15645
2070	16401
1840	16142
7641	14988
2755	17650
1663	21359
3217	21663
12251	21508
9551	17359
6372	21489
1598	15883
936	15188
203	14430
1085	15341
909	15151
2354	14255
7734	20813
2204	16551
641	14854
13276	18424
8457	21197
5647	18295
7137	19825
7255	18659
3610	16201
993	15243
7397	19436
535	14743
10811	20678
7938	18388
1406	15690
7239	18944
2573	16669
7110	18826
1782	16080
4757	20149
2138	16473
1110	15368
511	14724
188	14417
921	15165
8044	19892
1646	15932
13125	21219
207	14435
3480	18782
10403	19061
1188	15452
1526	15810
301	14525
9104	19332
10609	17316
706	14928
8070	16875
9062	21832
1475	15760
8476	20777
3642	20358
12595	22232
1286	21875
46	14265
13278	17907
1451	15735
833	15069
2786	20524
1656	15940
2075	16405
7077	18571
1984	16300
9555	17353
10266	18559
510	14723
1544	15831
920	15164
527	14736
12944	20535
9049	17010
1859	20464
7178	21113
195	14423
7044	16572
995	16911
2183	16527
1820	16124
10306	21039
10410	17256
1083	16942
8138	18854
5758	18176
375	14598
1978	17263
9737	22237
8047	23321
2103	16435
7378	18522
9710	19932
289	14513
5697	16598
618	14828
756	14983
1402	15687
11153	21610
8411	15246
890	16871
1421	15707
1839	16141
12527	23082
284	14509
2135	16471
84	14319
7449	22354
10912	19101
10474	21254
2353	16638
1251	15523
1603	15888
1380	15664
3172	20082
11248	21233
1118	15376
1371	15653
10044	23295
10593	16414
7791	19798
1450	15734
9129	21522
7863	18445
4365	19068
7596	19640
9758	23376
2158	17331
4926	17561
7096	20287
205	14434
6938	16762
449	14665
9126	22284
572	14779
10742	16540
8373	18309
9380	17063
9640	17108
10389	20240
1047	15303
7119	16795
2081	16411
10027	17187
734	14957
759	14984
12513	22304
1365	15649
52	14269
2012	16336
1633	15917
7814	17369
2079	16409
8180	22228
986	16073
1548	15836
7617	19153
829	15064
800	15032
910	15152
5147	21835
8001	23121
8861	21112
7840	16847
1513	15796
10219	19514
10117	17300
9471	22366
9693	21358
690	14912
7261	22687
8154	16887
159	14393
9462	19797
1760	16058
11878	22410
1405	15689
11716	18298
8195	17069
744	14969
7211	14851
10404	23438
8940	23245
8139	22686
6374	21487
7335	20408
4566	22460
317	14538
9766	19775
1073	15331
9747	17127
7467	22948
366	14588
9539	20014
1631	15914
10083	18807
860	15096
538	14745
71	14295
3017	16732
9264	16588
7595	19639
4317	17809
12265	19211
259	14482
3784	15535
8158	22221
12197	18845
626	14836
1503	15787
652	14866
3615	17174
2879	16703
10724	19106
261	14484
3625	15241
9642	17109
4522	22043
9768	20741
6900	19555
12880	18381
9300	17047
1315	15590
10180	16112
13335	22834
12247	19546
9364	17140
4874	21135
8768	15436
10316	14781
999	15250
12549	19808
10361	16219
8377	18489
516	14728
355	14577
9157	17028
9134	17027
12199	20319
8369	20521
973	15228
9702	20579
236	14462
201	14429
1164	15429
1170	15437
581	14788
1546	15833
2254	16630
10683	17334
1390	15674
10091	16057
9321	17824
2287	22695
1363	15647
4078	20803
8810	18419
7470	18734
724	14947
9356	15671
2244	16613
1124	15381
7100	17521
1209	15473
6551	18173
2259	16636
479	14697
407	14627
8265	15342
7322	22137
9877	17163
1948	19288
9701	18841
1368	15652
3723	15324
7982	18551
676	14893
1532	15818
3957	22098
2189	17361
8515	19952
8797	21926
1322	15597
415	14635
1937	16252
4437	22643
13426	14305
1934	16249
776	15005
7163	21151
256	14479
7642	14987
8462	15270
1716	16009
7173	14830
2526	14309
663	14879
10787	16553
1915	16228
1736	16029
1345	15629
8604	22563
7185	19165
7804	15049
1927	16242
1320	15595
3184	17250
7657	17162
1210	15474
1417	15699
9105	19333
5212	18082
610	14859
9688	18623
1792	16091
1496	15780
3510	18981
1024	15279
1157	15421
7952	16855
335	14556
133	14369
2401	16655
10892	17373
8484	15285
12638	22230
7432	17094
1804	16106
912	15155
9557	22027
7158	19801
6342	16004
965	15220
1770	16068
8588	16945
1464	17088
1227	15499
2071	16402
172	14408
3241	17794
7798	16839
5035	18000
4224	17594
143	14382
2077	16407
8762	19032
7233	20548
7963	17122
6946	16768
4793	17819
1502	15786
5145	21840
2066	16398
2074	16404
1854	16163
10723	20022
8960	21478
4580	15138
810	15042
625	14834
1274	15545
3762	17389
1762	16062
13196	21737
6901	19706
9956	19899
9935	19651
3651	17264
4622	17449
387	21617
1841	16143
1439	15720
1995	16312
2235	16600
1614	16833
9308	18393
2031	16357
12295	17720
1046	15302
8795	21924
7083	19688
1767	16066
1396	15881
8582	19397
489	14707
7394	19772
152	14387
10138	16083
5144	22586
10369	21311
11191	18834
1956	16276
580	14786
2226	16580
1288	15560
5687	22502
7769	16837
1989	16306
1724	16017
6276	22598
2527	18863
1208	15471
9825	17149
9018	22921
764	14993
8825	20815
14193	22054
8850	16993
1893	16206
12407	19402
344	14564
773	15811
165	14399
2010	16332
9523	22507
4351	17401
8776	18540
8043	19891
6330	20290
10340	17236
448	14666
10217	19513
8557	20906
1278	15549
938	15192
1494	15778
9531	21984
10427	22170
8655	20084
7810	20572
7392	19770
119	14358
1983	16299
1979	16295
12992	20938
10490	21242
10255	22528
1473	15757
7461	21605
2137	16161
1355	15638
8516	19953
4755	20347
7234	22270
436	14657
1616	15900
9929	23213
2781	19268
9838	21782
7665	19602
3718	18053
2011	16334
68	14290
924	15685
667	14882
7095	20286
1207	15470
1009	15261
3142	20840
631	14841
1358	15641
9130	18733
283	14507
9322	17826
3643	20357
2867	17467
2467	14296
9552	17352
12074	21483
2210	16559
1728	16020
8533	22999
8794	23372
7227	14944
1204	15467
11031	18115
8323	17082
10886	20124
7834	22740
4048	17927
10437	17266
308	14531
493	14713
1466	17090
11842	21666
1617	15901
962	15217
3787	18022
701	14923
1864	16173
1025	15280
11860	20911
1331	15615
644	14856
7635	19722
12540	20288
2240	16607
726	14946
225	14450
338	14558
2930	16726
1295	15569
278	14502
7440	19886
2383	16651
952	15206
7976	16008
10372	16231
346	14566
1966	16285
12220	23204
599	14808
12077	23455
1881	16195
10128	23403
1216	15483
7585	16814
72	14298
932	15184
25	14242
7396	19197
2142	16477
9414	17073
10864	17368
4902	22713
8316	16894
928	15179
258	14481
9950	15977
780	15008
1340	15623
1883	16197
2173	16512
556	14766
543	14456
11786	21142
9576	20489
8400	15232
2161	16499
12182	21360
11837	20419
399	14618
2933	16730
7237	18942
10090	16055
2897	17729
1469	15753
7162	20596
13161	22086
10419	17261
926	15176
2016	16339
4979	17577
8786	16191
1429	15531
1048	15304
7936	18387
7066	14792
5255	21842
793	15028
2446	17412
8901	18629
4571	16619
13269	20247
2843	17332
2114	17321
6937	16761
8006	19485
8143	18643
5086	18079
13323	22881
1334	15618
405	14624
13110	21678
9851	20612
2212	16560
806	15039
959	15214
1666	15948
3709	17311
9824	17150
11164	19707
1008	15260
1822	16126
7624	14977
92	14329
1517	15800
12744	23506
417	14638
8679	17234
5828	22959
89	14326
1926	16241
7545	19136
3208	18466
1720	16013
7056	19636
10328	23130
1415	15697
10984	21431
7276	21355
7575	21764
10591	16413
97	14334
8710	16966
1248	15519
12971	21825
389	17915
794	15892
9714	17117
1241	15513
1335	15619
10442	18865
6150	21862
131	14366
2009	16331
3741	18177
7621	16821
3691	23439
777	15006
8321	16899
2797	16686
8759	15424
51	14270
12176	19930
1862	16172
10460	17277
7875	21148
8888	21479
1267	15537
7377	18428
9194	21568
1443	15724
168	14402
13687	17242
180	14414
3590	18427
9540	23265
1184	16983
12148	20284
2141	16476
9973	23225
11249	21234
9145	20037
2872	17699
8257	20665
268	14490
2113	16450
8094	16876
8352	21644
2029	16355
102	14340
1323	15600
157	14392
1472	15755
11756	20267
10592	17305
9108	18816
3542	21520
2365	21590
1424	15709
9114	15572
10053	17189
7567	22835
2997	14445
9089	22474
2182	16526
1930	16245
542	14749
7622	16822
980	15236
746	14971
1773	17207
3578	23054
82	14318
1260	15532
1280	15551
2001	16323
1378	15663
1679	15962
8777	18541
578	14784
9101	19526
3387	21846
807	15040
1896	16209
743	14968
4223	17591
5621	21278
425	14646
1354	15635
8271	17340
8686	20209
9833	17151
10310	17230
1519	15802
12748	23379
3370	20808
3297	16748
798	15030
155	14389
2954	22371
1735	16027
9852	22285
1117	15375
1485	15771
1392	15677
8130	16882
7867	19144
1444	15725
11203	20539
1885	16199
8186	20387
2422	16656
2935	16731
12842	23362
2869	16976
656	14869
6108	17570
2390	17866
1071	15328
12184	18957
3528	21182
357	14580
14163	20787
13081	17918
7592	21006
1842	16147
14120	23482
4889	17618
5592	17825
515	14727
12933	21446
421	14642
10466	17272
475	14693
9630	20016
4197	17515
11247	20361
11657	18252
9635	22442
2230	16586
7395	19558
12897	20645
1697	15983
11691	19391
8310	21240
834	15070
1352	15634
12066	20929
738	14961
7360	19091
8915	21611
12309	20895
171	14404
481	14698
11933	22135
2102	16434
10148	20391
1224	15495
8837	16991
9132	17025
8909	21676
7805	16842
12363	18347
1796	16094
3896	14311
9358	22931
11997	22140
9700	18840
9996	17176
9090	17016
7573	16813
2855	17904
7862	18463
1225	15496
3024	17778
10106	18658
1657	15264
7455	20086
12139	19447
8325	17084
10701	17337
9984	18792
1035	15292
9091	21429
1481	15767
775	15004
79	14315
2779	16682
1287	15558
7437	21253
2021	16344
4893	20166
12128	22708
1381	15667
7348	22144
7627	21362
595	14802
7293	18586
286	14510
1754	16049
7419	22735
12268	22362
12581	20638
981	15237
1884	16198
845	15081
7636	19517
8845	23024
632	14842
2484	22376
11663	21011
8137	18853
12071	19817
525	14735
9375	18984
11877	22409
5067	17806
2145	16484
4045	16859
3647	20355
10046	16026
279	14504
2163	16502
638	15369
698	14919
7420	17367
1211	15475
614	14861
2448	17543
8504	20824
1695	15981
8500	17916
1701	15987
7123	17098
596	14804
7836	21939
7845	16848
11863	20516
12512	22305
1125	15383
6109	17571
10273	20241
2125	16460
2232	16589
1489	15775
263	14486
4293	15338
3191	22548
7997	21922
1010	15262
828	15062
875	15113
9904	14853
9022	17003
3161	18850
2133	20364
9285	20238
11095	16626
613	14823
184	14440
1242	15515
13071	21621
1580	15864
585	14790
2159	16496
9120	20497
898	15136
9182	22040
8100	16878
1232	15504
8619	16955
3019	16733
8436	15256
363	14586
1743	16037
10730	17363
8182	22229
9057	23013
2359	17462
1470	17092
9752	19096
7301	19006
8299	18910
9743	15858
11967	22014
9	14228
392	14613
784	15017
8456	21196
838	15074
10013	17182
7268	19143
1064	15321
8843	16989
1931	16247
2140	16475
141	14379
10668	21769
1634	15918
7184	21178
10687	19094
9095	21902
1182	15446
9424	20632
12725	21191
882	15119
12974	21456
1162	15427
7983	21139
8766	18413
9155	23307
370	14591
9615	15805
10893	17376
9907	17167
1005	15258
2887	16713
12882	23103
8391	19435
1021	15277
12213	18770
851	15088
9680	17112
1831	16134
9785	19050
2056	16384
1601	15887
503	14718
8746	16979
3711	14526
1057	15313
193	14422
10233	20158
1888	16480
9383	17065
1420	22320
9875	20277
314	14534
10651	19834
9161	15599
2027	16353
196	14425
11105	16634
8376	17527
8274	19646
3249	19948
12743	22579
7989	20943
2015	16338
2080	16410
10731	21048
1198	15460
2864	17620
968	15223
1382	15668
10475	19109
9466	20139
26	14243
10796	21653
9749	17130
1045	15301
7060	19390
12405	18730
10341	17237
1752	16046
8490	17428
8425	21140
9119	18654
126	14361
8722	16971
1275	15546
8224	21779
2423	16657
1559	15845
3186	22836
8067	22805
9361	19375
1460	15744
12264	19474
10021	19034
10975	18355
3524	15397
6341	17427
7223	20857
10319	20459
1981	16297
9815	21018
1784	16082
7611	15015
11747	20126
571	14778
158	14394
9088	17015
1178	14885
11728	19761
9159	15598
1599	15885
7059	23128
8488	17535
409	14629
7774	23142
8092	21385
1830	16133
13628	22185
1851	16160
1570	15855
2198	16545
174	14409
255	14478
137	14373
1468	15752
1414	22266
1722	16016
597	14805
9486	21205
9811	20574
1567	15852
7761	16836
1856	16165
1492	15776
1029	15283
9425	22331
9575	20488
8526	18483
961	15216
1459	15743
9549	17355
9865	17157
12535	21801
5168	19610
8242	20385
211	14439
4281	23184
12890	18487
9801	22385
14126	22116
9746	17126
8403	22441
291	14514
7538	20024
741	14965
11851	21751
9146	18402
1305	15579
101	14338
1835	16138
1606	15893
9467	17085
354	14576
12310	17052
445	18098
3523	17914
1780	16079
3701	17249
4	14229
66	14289
1140	23460
3853	16647
9357	22175
7114	16792
257	14480
10026	19022
7918	20077
725	16810
264	14487
7125	15411
11960	20318
13168	15492
7201	20679
731	14952
8598	21176
2186	16529
7398	19438
1423	15708
4106	17123
8165	20389
100	14339
1264	16652
265	14488
83	14321
4228	17458
1533	15819
7842	23033
7639	19310
8410	20377
4243	22103
8731	22703
680	14896
648	23044
10856	21652
691	14913
2166	16506
2172	16511
7094	15095
655	14871
976	15231
12640	22231
1195	16990
